# 1 mu  2 N_h   3 F0    4 M     5 r     6 D (units t_i/r**2)    7 S (units r/t_i)   8 Theoretical N     9 T     10 theoretical tau      11 theoretical sigma    12 theoretical u_c      13 theoretical v    14 theoretical vtau     15 numerical I      16 numerical lineage splitting rate
0.010000000000000 100000000.000000000000000 1.000000000000000 1.000000000000000 200.000000000000000 0.000000275369364 1.718281828459045 45806.808066490106285 1380.012372355262869 2183.081603390628516 0.012455583295863 0.037546984728396 0.000266576915208 0.581976706869326 0.000556551390547 0.000168657765285
0.010000000000000 100000000.000000000000000 1.000000000000000 1.000000000000000 300.000000000000000 0.000000122360100 1.718281828459045 25342.192855270372092 2494.382494689810756 3945.988437981726292 0.009264543725930 0.025863704253185 0.000147483171468 0.581976706869326 0.000271450892341 0.000069755854509
0.010000000000000 100000000.000000000000000 1.000000000000000 1.000000000000000 500.000000000000000 0.000000043978405 1.718281828459045 11823.913579354753892 5343.062856868970812 8457.436645562587728 0.006330097782831 0.015683269550498 0.000068851789886 0.581976706869326 0.000107836261510 0.000022449437744
0.010000000000000 100000000.000000000000000 1.000000000000000 1.000000000000000 700.000000000000000 0.000000022388670 1.718281828459045 7055.373930986508640 8957.760521339951083 14173.593204012877322 0.004888840140245 0.010960477293791 0.000041068238015 0.581976706869326 0.000057666265612 0.000015102349028
0.100000000000000 100000000.000000000000000 1.000000000000000 1.000000000000000 700.000000000000000 0.000000235135614 1.718281828459045 40842.610533922234026 1547.640063899968709 2448.423318018421469 0.011761713016717 0.034962164161292 0.000237703487880 0.581976706869326 0.000328655384414 0.000184210526316
0.100000000000000 100000000.000000000000000 1.000000000000000 1.000000000000000 1000.000000000000000 0.000000115224577 1.718281828459045 24244.194811511672015 2607.131124605332843 4124.698748605906076 0.009062001364138 0.025141186785313 0.000141105078183 0.581976706869326 0.000187708910624 0.000056306306306
0.100000000000000 100000000.000000000000000 1.000000000000000 1.000000000000000 1500.000000000000000 0.000000051195301 1.718281828459045 13264.315655686603350 4764.898806939836504 7539.024446928670841 0.006703146627971 0.016940225293711 0.000077206139328 0.581976706869326 0.000097593950453 0.000014044943820
0.100000000000000 100000000.000000000000000 1.000000000000000 1.000000000000000 2000.000000000000000 0.000000028797301 1.718281828459045 8568.542758276867971 7375.143557550753030 11670.595901899891032 0.005387909858991 0.012570828764107 0.000049880987170 0.581976706869326 0.000058762089341 0.000016680567139
0.100000000000000 100000000.000000000000000 1.000000000000000 1.000000000000000 3000.000000000000000 0.000000012795868 1.718281828459045 4531.072155890356953 13940.715741019814232 22069.831721836697398 0.003918889559265 0.007918022907818 0.000026388848895 0.581976706869326 0.000030114931552 0.000000000000000
0.010000000000000 10000000000.000000000000000 1.000000000000000 1.000000000000000 700.000000000000000 0.000000022492289 1.718281828459045 956255.881987346452661 6610.371963117348059 10457.452015058375764 0.005691052755987 0.020034162373583 0.000055651851851 0.581976706869326 0.000104927211188 0.000023623777607
0.010000000000000 10000000000.000000000000000 1.000000000000000 1.000000000000000 1500.000000000000000 0.000000004897785 1.718281828459045 322211.885997701901942 19618.036677160467661 31035.478312774976075 0.003303526457320 0.010445900262870 0.000018752102834 0.581976706869326 0.000030516915288 0.000000000000000
0.010000000000000 10000000000.000000000000000 1.000000000000000 1.000000000000000 2000.000000000000000 0.000000002755090 1.718281828459045 212684.234134185215225 29720.617486790037219 47018.059616449383611 0.002683963752431 0.008091054743259 0.000012377920524 0.581976706869326 0.000019274137183 0.000000934666791
0.010000000000000 10000000000.000000000000000 1.000000000000000 1.000000000000000 3000.000000000000000 0.000000001224097 1.718281828459045 117655.433774502016604 53724.070765453820059 84993.949528637705953 0.001996278383908 0.005573181238190 0.000006847571972 0.581976706869326 0.000009886866616 0.000000000000000
0.100000000000000 10000000000.000000000000000 1.000000000000000 1.000000000000000 2000.000000000000000 0.000000028809915 1.718281828459045 1139446.901211941149086 5547.606097818600574 8776.187805999363263 0.006212304745880 0.022207692260416 0.000066313187109 0.581976706869326 0.000092470945567 0.000000000000000
0.100000000000000 10000000000.000000000000000 1.000000000000000 1.000000000000000 3000.000000000000000 0.000000012804160 1.718281828459045 640860.299443573807366 9863.616829721053364 15604.024790867038973 0.004658943717096 0.015806407854599 0.000037296607068 0.581976706869326 0.000050639249645 0.000006064281383
0.100000000000000 10000000000.000000000000000 1.000000000000000 1.000000000000000 5000.000000000000000 0.000000004609341 1.718281828459045 308443.170520799525548 20493.871055268165946 32420.883182841167582 0.003232165279854 0.010171143839471 0.000017950705368 0.581976706869327 0.000023397568282 0.000000000000000
0.010000000000000 1000000000000.000000000000000 1.000000000000000 1.000000000000000 1000.000000000000000 0.000000011021389 1.718281828459045 67840278.187794148921967 9317.776658236365620 14740.505592147179414 0.004793463361129 0.020577646950016 0.000039481461583 0.581976706869326 0.000082531111492 0.000018566654289
0.010000000000000 1000000000000.000000000000000 1.000000000000000 1.000000000000000 1500.000000000000000 0.000000004898541 1.718281828459045 38594638.398107290267944 16378.455602194919265 25910.334738336110604 0.003615505999392 0.014984558968565 0.000022461180108 0.581976706869326 0.000039720925577 0.000000000000000
0.010000000000000 1000000000000.000000000000000 1.000000000000000 1.000000000000000 2000.000000000000000 0.000000002755331 1.718281828459045 25836420.855944339185953 24466.257540820159193 38705.051507547497749 0.002958160876305 0.011938444044906 0.000015036195894 0.581976706869326 0.000025789486738 0.000005883506570
0.010000000000000 1000000000000.000000000000000 1.000000000000000 1.000000000000000 3000.000000000000000 0.000000001224634 1.718281828459045 14649810.556124368682504 43148.715985959213867 68260.268361077818554 0.002227520051539 0.008636035226514 0.000008525849096 0.581976706869326 0.000013817584028 0.000000000000000
0.010000000000000 100000000.000000000000000 3.000000000000000 1.000000000000000 2000.000000000000000 0.000000002754696 19.085536923187668 53341.940411338524427 1781.416397310049661 1874.697456239212897 0.001210105857851 0.003714190949302 0.000027948024080 0.052395696491256 0.000665068619685 0.000108243130724
0.010000000000000 100000000.000000000000000 3.000000000000000 1.000000000000000 3000.000000000000000 0.000000001223856 19.085536923187668 29569.255450233373267 3213.591127638957460 3381.891037747139308 0.000900970924970 0.002568958192321 0.000015492658023 0.052395696491256 0.000329194745161 0.000071047957371
0.010000000000000 100000000.000000000000000 3.000000000000000 1.000000000000000 5000.000000000000000 0.000000000439872 19.085536923187668 13854.408815926193711 6856.024716632656236 7217.918954798419691 0.000616836264894 0.001570354209959 0.000007261798261 0.052395696491256 0.000129648302959 0.000013877834242
0.010000000000000 100000000.000000000000000 3.000000000000000 1.000000000000000 7000.000000000000000 0.000000000224120 19.085536923187668 8306.459632535921628 11437.996514396969360 12038.823328329410288 0.000477563477648 0.001107359789768 0.000004352778767 0.052395696491256 0.000070148076755 0.000010816547276
0.010000000000000 100000000.000000000000000 3.000000000000000 1.000000000000000 10000.000000000000000 0.000000000109594 19.085536923187668 4738.395701263038063 20046.098990429098194 21104.189330018303735 0.000360737383319 0.000737263867976 0.000002483628779 0.052395696491256 0.000037586856113 0.000010610079576
0.100000000000000 100000000.000000000000000 3.000000000000000 1.000000000000000 5000.000000000000000 0.000000004609151 19.085536923187668 77280.149562099672039 1229.545136237322595 1293.993354912485529 0.001456578341444 0.004659709613944 0.000040492265717 0.052395696491256 0.000649261015729 0.000133689839572
0.100000000000000 100000000.000000000000000 3.000000000000000 1.000000000000000 7000.000000000000000 0.000000002351583 19.085536923187668 47568.946088448356022 1997.480243867332774 2102.211804610150921 0.001142785811652 0.003460536845511 0.000024924936565 0.052395696491256 0.000381853426887 0.000044354093513
0.100000000000000 100000000.000000000000000 3.000000000000000 1.000000000000000 10000.000000000000000 0.000000001152326 19.085536923187668 28290.493948671177350 3358.571998739228093 3534.756239372662549 0.000881310114922 0.002497952332320 0.000014823880026 0.052395696491256 0.000219136662150 0.000033285782216
0.100000000000000 100000000.000000000000000 3.000000000000000 1.000000000000000 15000.000000000000000 0.000000000512053 19.085536923187668 15527.443093421095909 6118.796303120404446 6440.210368078535794 0.000652939719342 0.001693643147304 0.000008136742245 0.052395696491256 0.000112728994833 0.000020449897751
0.100000000000000 100000000.000000000000000 3.000000000000000 1.000000000000000 20000.000000000000000 0.000000000287912 19.085536923187668 10059.893431231703289 9443.411624832717280 9940.463155359320808 0.000525583382826 0.001264595023221 0.000005272148493 0.052395696491256 0.000069808639456 0.000008620689655
0.010000000000000 10000000000.000000000000000 3.000000000000000 1.000000000000000 5000.000000000000000 0.000000000440808 19.085536923187668 1784233.365873517934233 5325.610761684431964 5604.648019293283141 0.000699876441920 0.002597048486691 0.000009348611943 0.052395696491256 0.000217222722982 0.000028382213813
0.010000000000000 10000000000.000000000000000 3.000000000000000 1.000000000000000 15000.000000000000000 0.000000000048981 19.085536923187668 374707.974430282658432 25358.654388611888862 26687.449113417729677 0.000320732510480 0.001030843724665 0.000001963316649 0.052395696491256 0.000036066140326 0.000002500312539
0.010000000000000 10000000000.000000000000000 3.000000000000000 1.000000000000000 20000.000000000000000 0.000000000027548 19.085536923187668 247587.670161347021349 38378.386672010048642 40389.733436577182147 0.000260713025153 0.000800209235868 0.000001297268402 0.052395696491256 0.000022761419169 0.000001190617931
0.010000000000000 10000000000.000000000000000 3.000000000000000 1.000000000000000 30000.000000000000000 0.000000000012242 19.085536923187668 137271.266072313679615 69219.154077431245241 72848.457555072454852 0.000194130128617 0.000553541350424 0.000000719267218 0.052395696491256 0.000011745921006 0.000003529827038
0.010000000000000 10000000000.000000000000000 3.000000000000000 1.000000000000000 50000.000000000000000 0.000000000004406 19.085536923187668 64403.768257256058860 147524.244739698304329 155270.417719282268081 0.000132976343270 0.000338614428769 0.000000337483974 0.052395696491256 0.000005046624470 0.000000000000000
0.100000000000000 10000000000.000000000000000 3.000000000000000 1.000000000000000 15000.000000000000000 0.000000000512175 19.085536923187668 1983038.571542538702488 4791.700240337162541 5042.766259569695649 0.000737838419314 0.002761030851468 0.000010390271902 0.052395696491256 0.000163384814078 0.000029732408325
0.100000000000000 10000000000.000000000000000 3.000000000000000 1.000000000000000 20000.000000000000000 0.000000000288099 19.085536923187668 1321823.351975818863139 7188.649766071119302 7565.307410443553636 0.000602396477216 0.002180879676110 0.000006925788568 0.052395696491256 0.000106768049191 0.000014662756598
0.100000000000000 10000000000.000000000000000 3.000000000000000 1.000000000000000 30000.000000000000000 0.000000000128045 19.085536923187668 744158.717088669189252 12768.946272296872849 13437.993495691946009 0.000451989718802 0.001555240324802 0.000003899074153 0.052395696491256 0.000059367111900 0.000009009009009
0.100000000000000 10000000000.000000000000000 3.000000000000000 1.000000000000000 50000.000000000000000 0.000000000046097 19.085536923187668 358739.675018740177620 26487.496004915818048 27875.366725126266829 0.000313823624463 0.001003957117702 0.000001879644205 0.052395696491256 0.000027689072251 0.000000000000000
0.010000000000000 1000000000000.000000000000000 3.000000000000000 1.000000000000000 10000.000000000000000 0.000000000110214 19.085536923187668 78491345.888799026608467 12105.957954231165786 12740.258033245207116 0.000464201463597 0.002010178835833 0.000004112608730 0.052395696491256 0.000088357933086 0.000005380683347
0.010000000000000 1000000000000.000000000000000 3.000000000000000 1.000000000000000 50000.000000000000000 0.000000000004409 19.085536923187668 8282237.263455883599818 114728.992591869813623 120740.322715982605587 0.000150788942668 0.000559539228298 0.000000433953679 0.052395696491256 0.000007338231346 0.000000000000000
0.010000000000000 1000000000000.000000000000000 3.000000000000000 1.000000000000000 150000.000000000000000 0.000000000000490 19.085536923187668 1739230.632289650849998 546340.400718569406308 574966.874107734998688 0.000069099424065 0.000222087425401 0.000000091128293 0.052395696491256 0.000001434309207 0.000000000000000
0.010000000000000 100000000.000000000000000 1.000000000000000 5.000000000000000 100.000000000000000 0.000001101616050 1.107013790800849 66069.061288768003578 1371.822968538362602 7567.838716742929137 0.023219079643365 0.073020161630794 0.000596819540024 4.516655566126994 0.001497648570719 0.000181039248203
0.010000000000000 100000000.000000000000000 1.000000000000000 5.000000000000000 200.000000000000000 0.000000275027885 1.107013790800849 24085.181231458122056 3763.842747848939780 20759.652800409086922 0.014017749699966 0.038853443451100 0.000217525228318 4.516655566126994 0.000253398853277 0.000009881422925
0.010000000000000 100000000.000000000000000 1.000000000000000 5.000000000000000 300.000000000000000 0.000000122234807 1.107013790800849 13172.901560761762084 6878.561517469353930 37956.709665951988427 0.010369199335804 0.026174539085727 0.000119026449207 4.516655566126994 0.000125789835262 0.000008605851979
0.010000000000000 100000000.000000000000000 1.000000000000000 5.000000000000000 500.000000000000000 0.000000043849148 1.107013790800849 6000.379839760026698 15100.833157351431510 83328.058115067018662 0.006998316531406 0.015139314242480 0.000054217588165 4.516655566126994 0.000047599570339 0.000005085607730
0.100000000000000 100000000.000000000000000 1.000000000000000 5.000000000000000 500.000000000000000 0.000000460977103 1.107013790800849 35152.011874599505973 2578.242116891683509 14223.936933786000736 0.016936832282471 0.049401761300955 0.000317553866533 4.516655566126994 0.000276923095828 0.000076335877863
0.100000000000000 100000000.000000000000000 1.000000000000000 5.000000000000000 700.000000000000000 0.000000235137370 1.107013790800849 21449.916367056433955 4225.060368765997737 23310.114195499536436 0.013230540205770 0.036064647500965 0.000193779657950 4.516655566126994 0.000162172247041 0.000016694490818
0.100000000000000 100000000.000000000000000 1.000000000000000 5.000000000000000 1000.000000000000000 0.000000115218495 1.107013790800849 12601.058942413130353 7191.398621363152415 39679.204921189659217 0.010141153466460 0.025405062053492 0.000113848612236 4.516655566126994 0.000088983428905 0.000000000000000
0.100000000000000 100000000.000000000000000 1.000000000000000 5.000000000000000 1500.000000000000000 0.000000051186068 1.107013790800849 6771.949740084693985 13378.726904931258105 73833.979753332707332 0.007435097052029 0.016522959435215 0.000061196462032 4.516655566126994 0.000046230914883 0.000007412898443
0.010000000000000 10000000000.000000000000000 1.000000000000000 5.000000000000000 300.000000000000000 0.000000122444089 1.107013790800849 1701096.877262384863570 5328.012256549602171 29392.799827171616926 0.011781794097686 0.043551280656210 0.000153665328392 4.516655566126994 0.000202020052854 0.000025412960610
0.010000000000000 10000000000.000000000000000 1.000000000000000 5.000000000000000 500.000000000000000 0.000000044081561 1.107013790800849 826002.465426283190027 10972.730108110985384 60532.506975261880143 0.008209877700161 0.028522187465694 0.000074615045209 4.516655566126994 0.000088117774898 0.000010640561822
0.010000000000000 10000000000.000000000000000 1.000000000000000 5.000000000000000 700.000000000000000 0.000000022491648 1.107013790800849 511579.818841302476358 17716.628320298608742 97736.459020699825487 0.006461055909447 0.021443010869059 0.000046212560216 4.516655566126994 0.000051612841829 0.000002439619419
0.010000000000000 10000000000.000000000000000 1.000000000000000 5.000000000000000 1000.000000000000000 0.000000011020039 1.107013790800849 306739.436905775684863 29547.559631560532580 163004.798158246005187 0.005003031385030 0.015734133412005 0.000027708912793 4.516655566126994 0.000029055284939 0.000000000000000
0.010000000000000 10000000000.000000000000000 1.000000000000000 5.000000000000000 1500.000000000000000 0.000000004897316 1.107013790800849 170521.272850905515952 53150.357909482721880 293218.547833133197855 0.003730275771875 0.010942050295212 0.000015404049667 4.516655566126994 0.000015191648988 0.000000000000000
0.010000000000000 10000000000.000000000000000 1.000000000000000 5.000000000000000 2000.000000000000000 0.000000002754893 1.107013790800849 111901.909119469113648 80990.918857366821612 446819.901406854682136 0.003021870667668 0.008377064456152 0.000010108920415 4.516655566126994 0.000009363783316 0.000000000000000
0.010000000000000 10000000000.000000000000000 1.000000000000000 5.000000000000000 3000.000000000000000 0.000000001223963 1.107013790800849 61213.818259796811617 148045.243548225844279 816809.037916824920103 0.002235099219093 0.005643026826194 0.000005530273945 4.516655566126994 0.000004760710784 0.000000000000000
0.010000000000000 10000000000.000000000000000 1.000000000000000 5.000000000000000 5000.000000000000000 0.000000000439652 1.107013790800849 27915.917375316304970 324654.007128591940273 1791092.849565846147016 0.001509328081810 0.003266771645337 0.000002521856300 4.516655566126994 0.000001879792608 0.000000000000000
0.010000000000000 1000000000000.000000000000000 1.000000000000000 5.000000000000000 700.000000000000000 0.000000022492878 1.107013790800849 60452427.869527712464333 14992.718534062827530 82709.664048420338077 0.007023504132492 0.029940798180318 0.000054608558896 4.516655566126994 0.000065631931592 0.000000000000000
0.010000000000000 1000000000000.000000000000000 1.000000000000000 5.000000000000000 1000.000000000000000 0.000000011021453 1.107013790800849 36798174.146973624825478 24630.196373878148734 135876.306797988567268 0.005479741844769 0.022640946665696 0.000033240934853 4.516655566126994 0.000038003142299 0.000000000000000
0.010000000000000 1000000000000.000000000000000 1.000000000000000 5.000000000000000 1500.000000000000000 0.000000004898586 1.107013790800849 20892872.270823620259762 43380.642109933323809 239316.066033791663358 0.004129011079031 0.016421261548023 0.000018873181983 4.516655566126994 0.000020422486987 0.000000000000000
0.010000000000000 1000000000000.000000000000000 1.000000000000000 5.000000000000000 2000.000000000000000 0.000000002755476 1.107013790800849 13964053.582245532423258 64905.660402641900873 358062.218148260610178 0.003375613768612 0.013040893744934 0.000012614165668 4.516655566126994 0.000012589538472 0.000000000000000
0.010000000000000 100000000.000000000000000 3.000000000000000 5.000000000000000 300.000000000000000 0.000000122410721 4.110594001952545 89756.862256951644667 2513.472971768562275 5570.604713972998979 0.007288233088950 0.023687223138738 0.000218347936206 1.216369215160871 0.001243989985796 0.000042551888814
0.010000000000000 100000000.000000000000000 3.000000000000000 5.000000000000000 500.000000000000000 0.000000044052361 4.110594001952545 42966.353325652584317 5250.633921979068873 11637.012715749384370 0.005042588085287 0.015083057015578 0.000104522928898 1.216369215160871 0.000511871320265 0.000011836976265
0.010000000000000 100000000.000000000000000 3.000000000000000 5.000000000000000 700.000000000000000 0.000000022466367 4.110594001952545 26281.703915985919593 8583.845379895490623 19024.641689836313162 0.003943832124928 0.011065866418669 0.000063935405614 1.216369215160871 0.000282604659369 0.000006977393246
0.010000000000000 100000000.000000000000000 3.000000000000000 5.000000000000000 1000.000000000000000 0.000000010999296 4.110594001952545 15485.276630465681592 14565.727768622433359 32288.735418281237799 0.003027563556810 0.007849695050859 0.000037678284588 1.216369215160871 0.000149650007778 0.000000000000000
0.010000000000000 100000000.000000000000000 3.000000000000000 5.000000000000000 1500.000000000000000 0.000000004879922 4.110594001952545 8370.556600947242259 26947.844774298693665 59733.184283518043230 0.002225857436277 0.005169173618696 0.000020365696800 1.216369215160871 0.000071768048065 0.000009680542110
0.010000000000000 100000000.000000000000000 3.000000000000000 5.000000000000000 2000.000000000000000 0.000000002737060 4.110594001952545 5329.172834881919698 42318.359335558758175 93823.190857550536748 0.001776212623920 0.003737146198176 0.000012968641618 1.216369215160871 0.000041962119546 0.000006250976715
0.100000000000000 100000000.000000000000000 3.000000000000000 5.000000000000000 700.000000000000000 0.000000235223416 4.110594001952545 143079.767434907815186 1576.691997451602674 3494.554184451468245 0.009202078455133 0.031326203691514 0.000348077897891 1.216369215160871 0.001316048507933 0.000060606060606
0.100000000000000 100000000.000000000000000 3.000000000000000 5.000000000000000 1000.000000000000000 0.000000115247203 4.110594001952545 85956.211865712655708 2624.473345469595188 5816.915254259204630 0.007132442516083 0.023076360832336 0.000209113053879 1.216369215160871 0.000714317067845 0.000016694490818
0.100000000000000 100000000.000000000000000 3.000000000000000 5.000000000000000 1500.000000000000000 0.000000051214307 4.110594001952545 47921.794256181507080 4707.386275782206212 10433.666096204322457 0.005325611048289 0.016141023589082 0.000116585213947 1.216369215160871 0.000383841316441 0.000038167938931
0.100000000000000 100000000.000000000000000 3.000000000000000 5.000000000000000 2000.000000000000000 0.000000028807886 4.110594001952545 31531.072116424558772 7154.284274474225640 15857.373899428863297 0.004319925597059 0.012423337193985 0.000076710907065 1.216369215160871 0.000245935046495 0.000002696144513
0.100000000000000 100000000.000000000000000 3.000000000000000 5.000000000000000 3000.000000000000000 0.000000012802423 4.110594001952545 17342.143944946030388 13007.155559129860194 28831.498665175913629 0.003203820649625 0.008457172758168 0.000042193055476 1.216369215160871 0.000131362666353 0.000023529411765
0.100000000000000 100000000.000000000000000 3.000000000000000 5.000000000000000 5000.000000000000000 0.000000004606313 4.110594001952545 8005.063709897996887 28172.504293211433833 62460.464790775680740 0.002176940887802 0.005010461467762 0.000019480399413 1.216369215160871 0.000054191037523 0.000007541478130
0.010000000000000 10000000000.000000000000000 3.000000000000000 5.000000000000000 300.000000000000000 0.000000122438960 4.110594001952545 10668289.508016226813197 2114.623753272321210 4686.786945782606381 0.007945894787195 0.033457709261511 0.000259531576360 1.216369215160871 0.001824775902343 0.000167968750000
0.010000000000000 10000000000.000000000000000 3.000000000000000 5.000000000000000 500.000000000000000 0.000000044086389 4.110594001952545 5234195.302372952923179 4310.008296689570670 9552.566748384839229 0.005565706622723 0.022367698765962 0.000127334241216 1.216369215160871 0.000745529452161 0.000031397174254
0.010000000000000 10000000000.000000000000000 3.000000000000000 5.000000000000000 700.000000000000000 0.000000022492922 4.110594001952545 3268501.469343574251980 6902.069827765375521 15297.530219572363421 0.004398146475566 0.017095329011781 0.000079514066039 1.216369215160871 0.000431705427888 0.000009532888465
0.010000000000000 10000000000.000000000000000 3.000000000000000 5.000000000000000 1000.000000000000000 0.000000011020856 4.110594001952545 1980462.941753937397152 11390.985394686713335 25246.622365838869882 0.003423566087881 0.012809853028272 0.000048179469737 1.216369215160871 0.000236704825058 0.000000000000000
0.010000000000000 10000000000.000000000000000 3.000000000000000 5.000000000000000 1500.000000000000000 0.000000004898066 4.110594001952545 1117577.873394597088918 20185.996947923424159 44739.611610354317236 0.002571782647567 0.009178189733400 0.000027187739972 1.216369215160871 0.000124070172109 0.000000000000000
0.010000000000000 10000000000.000000000000000 3.000000000000000 5.000000000000000 3000.000000000000000 0.000000001224373 4.110594001952545 416664.189472734928131 54142.819936665902787 120000.713436093908967 0.001570322768130 0.005103718751683 0.000010136369637 1.216369215160871 0.000040870805455 0.000000000000000
0.010000000000000 10000000000.000000000000000 3.000000000000000 5.000000000000000 7000.000000000000000 0.000000000224838 4.110594001952545 122050.928442239252036 184828.786592271004338 409665.052434751123656 0.000849913166400 0.002384917129738 0.000002969297403 1.216369215160871 0.000010376170967 0.000000000000000
0.010000000000000 10000000000.000000000000000 3.000000000000000 5.000000000000000 10000.000000000000000 0.000000000110131 4.110594001952545 71950.275012500525918 313513.993729526933748 694924.376471293275245 0.000652575700359 0.001692234104859 0.000001750517192 1.216369215160871 0.000005736641325 0.000000000000000
0.010000000000000 10000000000.000000000000000 3.000000000000000 5.000000000000000 15000.000000000000000 0.000000000048829 4.110594001952545 38874.611060084207566 580297.562559291720390 1286186.501588929211721 0.000479660537895 0.001114048398264 0.000000945741756 1.216369215160871 0.000002712266573 0.000000000000000
0.100000000000000 10000000000.000000000000000 3.000000000000000 5.000000000000000 1500.000000000000000 0.000000051217288 4.110594001952545 5811959.839666614308953 3881.550447359489226 8602.950016748240159 0.005864847796522 0.023738594182699 0.000141389798622 1.216369215160871 0.000499898623300 0.000000000000000
0.100000000000000 10000000000.000000000000000 3.000000000000000 5.000000000000000 2000.000000000000000 0.000000028809719 4.110594001952545 3887247.704360266681761 5803.441269847219701 12862.571104978918811 0.004796412945152 0.018878689226335 0.000094566587405 1.216369215160871 0.000322823796426 0.000000000000000
0.100000000000000 10000000000.000000000000000 3.000000000000000 5.000000000000000 3000.000000000000000 0.000000012804625 4.110594001952545 2200864.015023703686893 10250.252074513262414 22718.350456314536132 0.003609043282375 0.013615891837947 0.000053541281922 1.216369215160871 0.000177258185303 0.000000000000000
0.100000000000000 10000000000.000000000000000 3.000000000000000 5.000000000000000 5000.000000000000000 0.000000004609515 4.110594001952545 1070572.800703766522929 21072.277680330284056 46703.970030932330701 0.002517118276586 0.008949604230884 0.000026044248487 1.216369215160871 0.000087451946241 0.000010266940452
0.010000000000000 1000000000000.000000000000000 3.000000000000000 5.000000000000000 1000.000000000000000 0.000000011021749 4.110594001952545 227125430.211657732725143 9932.581401796338469 22014.267602445528610 0.003666302515930 0.016846406462447 0.000055253676149 1.216369215160871 0.000298991175020 0.000000000000000
0.010000000000000 1000000000000.000000000000000 3.000000000000000 5.000000000000000 1500.000000000000000 0.000000004898357 4.110594001952545 129614479.057303011417389 17405.014005887016538 38575.937166629992134 0.002769632678768 0.012344764935005 0.000031531812379 1.216369215160871 0.000154177565806 0.000000000000000
0.010000000000000 1000000000000.000000000000000 3.000000000000000 5.000000000000000 2000.000000000000000 0.000000002755338 4.110594001952545 86989410.811333909630775 25933.522277483054495 57478.260323480048100 0.002268969249637 0.009885170214978 0.000021162248237 1.216369215160871 0.000099237794423 0.000000000000000
0.010000000000000 1000000000000.000000000000000 3.000000000000000 5.000000000000000 3000.000000000000000 0.000000001224668 4.110594001952545 49525634.527315460145473 45550.994828803624841 100957.818061720958212 0.001712026292772 0.007208885276329 0.000012048290891 1.216369215160871 0.000053346744238 0.000000000000000
0.010000000000000 1000000000000.000000000000000 3.000000000000000 5.000000000000000 5000.000000000000000 0.000000000440862 4.110594001952545 24294888.525001809000969 92856.643351178398007 205804.607617545261746 0.001199093015001 0.004818964823620 0.000005910310951 1.216369215160871 0.000024048143354 0.000000000000000
0.010000000000000 1000000000000.000000000000000 3.000000000000000 5.000000000000000 7000.000000000000000 0.000000000224908 4.110594001952545 15170021.022916926071048 148710.513990546722198 329597.433810186572373 0.000947520306054 0.003682935967891 0.000003690469634 1.216369215160871 0.000014079463941 0.000004599816007
0.100000000000000 1000000000000.000000000000000 3.000000000000000 5.000000000000000 1500.000000000000000 0.000000074129503 4.110594001952545 845021632.189440608024597 2669.685283862005235 5917.008286574938211 0.007071789575670 0.034671355566441 0.000205571660230 1.216369215160871 0.000563684071055 0.000026737967914
0.100000000000000 1000000000000.000000000000000 3.000000000000000 5.000000000000000 2000.000000000000000 0.000000028809725 4.110594001952545 440792417.976811468601227 5117.923370573991633 11343.207814121322372 0.005107548200683 0.024274784443338 0.000107233265595 1.216369215160871 0.000372192400682 0.000063775510204
0.100000000000000 1000000000000.000000000000000 3.000000000000000 5.000000000000000 3000.000000000000000 0.000000012804404 4.110594001952545 251908140.435619473457336 8955.414512199376986 19848.505059636441729 0.003861148607993 0.017838210630344 0.000061282661494 1.216369215160871 0.000208873525380 0.000000000000000
